0.710000 0.630000 
0.760000 1.070000 
1.360000 0.790000 
2.490000 0.410000 
2.630000 0.610000 
2.970000 0.650000 
3.030000 0.740000 
4.190000 0.570000 
6.910000 0.740000 
7.290000 0.460000 
7.520000 0.490000 
9.260000 0.760000 
9.920000 0.940000 
9.970000 1.070000 
10.350000 0.540000 
11.860000 0.740000 
11.920000 1.010000 
12.090000 0.930000 
12.840000 0.470000 
13.080000 0.750000 
13.210000 0.270000 
15.710000 0.600000 
16.120000 0.510000 
16.720000 0.610000 
17.760000 0.580000 
19.700000 0.900000 
19.850000 1.060000 
20.730000 0.780000 
21.030000 0.310000 
21.240000 0.780000 
23.370000 0.690000 
25.010000 0.500000 
25.740000 0.520000 
25.780000 0.780000 
26.010000 1.080000 
27.010000 0.680000 
27.490000 0.850000 
27.810000 0.450000 
27.990000 0.520000 
28.260000 0.340000 
28.530000 0.760000 
30.290000 0.900000 
31.030000 0.330000 
32.650000 0.470000 
34.290000 0.380000 
34.330000 0.480000 
34.890000 0.620000 
35.480000 0.330000 
35.540000 1.060000 
35.870000 0.470000 
36.000000 0.600000 
36.260000 0.650000 
36.900000 0.300000 
37.160000 0.760000 
37.450000 0.660000 
39.070000 1.000000 
39.610000 1.030000 
41.000000 0.500000 
41.510000 0.910000 
42.310000 0.440000 
42.740000 0.620000 
43.000000 0.680000 
46.760000 0.840000 
47.690000 1.070000 
47.690000 0.480000 
48.430000 0.250000 
49.180000 1.060000 
49.920000 0.500000 
50.350000 0.430000 
50.880000 0.920000 
52.230000 0.660000 
52.560000 0.590000 
53.160000 0.700000 
53.950000 0.850000 
54.110000 0.490000 
55.560000 0.700000 
55.910000 0.880000 
57.130000 0.470000 
57.130000 0.410000 
57.280000 0.330000 
59.130000 0.730000 
59.480000 0.710000 
59.700000 1.040000 
59.920000 1.030000 
60.190000 0.260000 
60.400000 0.900000 
60.410000 0.740000 
60.720000 0.790000 
61.830000 0.340000 
61.990000 0.350000 
62.750000 0.690000 
62.990000 0.800000 
63.390000 0.840000 
64.210000 0.310000 
64.460000 0.420000 
65.480000 0.610000 
65.990000 0.260000 
66.490000 0.310000 
67.030000 0.540000 
67.200000 0.510000 
67.320000 1.080000 
67.380000 0.470000 
67.520000 0.550000 
68.240000 0.870000 
70.240000 0.430000 
70.460000 1.050000 
71.310000 1.070000 
71.380000 0.880000 
71.600000 0.410000 
71.670000 0.540000 
72.000000 0.410000 
72.030000 0.940000 
72.150000 0.340000 
72.200000 0.300000 
72.970000 0.590000 
73.480000 0.620000 
73.560000 0.550000 
75.230000 0.660000 
75.640000 0.590000 
76.030000 0.550000 
77.470000 0.890000 
78.600000 1.070000 
78.890000 0.960000 
80.830000 0.950000 
80.860000 0.560000 
80.910000 0.290000 
81.160000 0.950000 
82.110000 0.970000 
82.370000 0.310000 
82.730000 0.280000 
82.760000 0.760000 
83.570000 0.860000 
84.760000 0.760000 
84.890000 0.800000 
85.450000 1.040000 
87.850000 0.470000 
88.230000 1.020000 
89.330000 0.820000 
89.450000 0.860000 
89.910000 0.580000 
90.000000 0.820000 
90.260000 0.620000 
90.510000 0.270000 
91.720000 0.530000 
91.860000 0.400000 
93.330000 0.310000 
93.810000 0.660000 
94.740000 0.640000 
95.680000 0.990000 
96.090000 0.790000 
97.050000 1.000000 
97.510000 0.250000 
97.890000 0.830000 
98.800000 0.740000 
99.890000 1.080000 
100.010000 0.530000 
100.270000 0.820000 
101.220000 0.440000 
101.620000 1.020000 
102.920000 0.980000 
103.140000 0.640000 
103.160000 0.720000 
103.470000 0.370000 
104.690000 0.780000 
106.170000 1.080000 
107.170000 0.780000 
107.540000 0.620000 
108.030000 0.270000 
108.460000 0.320000 
109.190000 0.690000 
109.240000 0.900000 
111.130000 0.860000 
112.760000 0.470000 
113.030000 0.630000 
113.640000 0.660000 
115.000000 0.370000 
116.410000 0.300000 
118.380000 0.960000 
119.120000 0.720000 
120.430000 1.020000 
123.470000 0.830000 
123.970000 0.740000 
125.080000 0.380000 
125.080000 0.970000 
126.080000 0.760000 
126.500000 1.070000 
127.030000 0.650000 
127.660000 0.920000 
127.750000 0.670000 
129.690000 1.000000 
130.280000 0.730000 
131.780000 0.950000 
132.160000 0.870000 
132.610000 0.740000 
132.740000 0.460000 
133.300000 0.720000 
133.490000 0.400000 
133.730000 1.000000 
134.070000 0.270000 
134.210000 0.900000 
134.620000 0.750000 
134.740000 0.710000 
134.790000 1.020000 
137.450000 0.580000 
139.030000 0.650000 
140.040000 0.950000 
141.110000 0.420000 
141.270000 0.710000 
143.680000 0.280000 
144.450000 0.550000 
146.070000 0.290000 
147.360000 0.410000 
147.430000 0.860000 
148.600000 0.600000 
150.020000 0.820000 
152.370000 0.820000 
152.580000 0.440000 
153.190000 1.080000 
153.250000 0.610000 
153.540000 0.870000 
154.240000 1.070000 
156.050000 0.960000 
157.020000 0.980000 
157.110000 0.420000 
157.290000 0.780000 
158.210000 0.600000 
159.180000 0.420000 
159.510000 1.040000 